0b1 1 1 1
0b10 2 2 2
0b1000 4 5 8
0b100000010101011110011111011001111000000001100100101011101000101 63 90 4660046610375530309
0b10000001111111110110001011011010101101 38 54 139583862445
0b1000001010101 13 18 4181
0b10000100010010001000000000000111101001001001101 47 67 72723460248141
0b1000010011110100000101 22 31 2178309
0b10000110100110111110011011000111100111111011010101100010 56 80 37889062373143906
0b1000011101001010011111110000010 31 44 1134903170
0b100010 6 8 34
0b10001000111110011100010101101000010000100000010111111011010111111 65 93 19740274219868223167
0b1000100110101011011011110111110010010111 40 57 591286729879
0b100010100101111 15 21 17711
0b1000110000010111000101001100010011100111011010001 49 70 308061521170129
0b100011001100110011001001 24 34 9227465
0b1000111010001101100111110000110100111001010110001111110000 58 83 160500643816367088
0b100011110100011010000101001000000 33 47 4807526976
0b10010000 8 11 144
0b1001000100001111001111110101111010111010000011000100011001001000001 67 96 83621143489848422977
0b100100011100101101100101101010100100001001 42 60 2504730781961
0b10010010100010001 17 24 75025
0b100101000101101110011100110001010110000110110010001 51 73 1304969544928657
0b10010101000111000000101001 26 37 39088169
0b100101101111011101011101011110011011001101010100010100100010 60 86 679891637638612258
0b10010111101110110010110100010000010 35 50 20365011074
0b1001100010 10 14 610
0b100110011001111011011011101101010011111000101100101001011111111000011 69 99 354224848179261915075
0b10011010011001100001110010100010000010111011 44 63 10610209857723
0b1001101100101110011 19 27 317811
0b10011101000111010000111000010001101100000010100010101 53 76 5527939700884757
0b1001110111101000110101101101 28 40 165580141
0b10011111111000000011011101101010100001101110100111100001111000 62 89 2880067194370816120
0b101 3 4 5
0b1010000010101111100101010110001001000 37 53 86267571272
0b101000011000 12 17 2584
0b1010001110000010110100101111110010101111110101 46 66 44945570212853
0b101001000101011011101 21 30 1346269
0b1010011001100010110001111101111000000110010000111100101 55 79 23416728348467685
0b101001110011101010010111011101 30 43 701408733
0b10101 5 7 21
0b1010100101001111101011010100001000100010000111110010011100000010 64 92 12200160415121876738
0b101010100010101101001000001100110100010 39 56 365435296162
0b10101011000010 14 20 10946
0b101011010010100100110100110001101101000010001111 48 69 190392490709135
0b10101110000010011100111 23 33 5702887
0b101100000011010010011000101111110010000101000110010101001 57 82 99194853094755497
0b10110001000110010010010011100001 32 46 2971215073
0b1011001 7 10 89
0b101100110100110110110000101110001100101010001101110001010010000000 66 95 51680708854858323072
0b10110100001101100100000110001001011010000 41 59 1548008755920
0b1011010100100000 16 23 46368
0b10110111011000010110000111110110100110111000110001 50 72 806515533049393
0b1011100001001111001111001 25 36 24157817
0b10111010100110101100010100111101000000011010101010010001001 59 85 420196140727489673
0b1011101110001100110011100101100001 34 49 12586269025
0b101111001 9 13 377
0b10111101111000101010101110001100111011001010111110110111100100000010 68 98 218922995834555169026
0b1011111011011000111101100000110010011100010 43 62 6557470319842
0b101111111101000010 18 26 196418
0b11 2 3 3
0b1100001000110011111101010100001100001000100101010011 52 75 3416454622906707
0b110000110010111111011001011 27 39 102334155
0b1100010110011110000011101100100011110011101111101111011001101 61 88 1779979416004714189
0b110001101001111001100000101001100101 36 52 53316291173
0b11000111101 11 16 1597
0b1100100100010111100001101001100001111001010110001001001111100010001000 70 101 927372692193078999176
0b110010100001110001011010001001010011001011000 45 65 27777890035288
0b11001011001000101000 20 29 832040
0b110011011010101000001011011000100111001001001101111101 54 78 14472334024676221
0b11001110101101001100110100101 29 42 433494437
0b1101 4 6 13
0b110100010100011110111011000111001100001111011001100111110111101 63 91 7540113804746346429
0b11010010010101110010110110001011110101 38 55 225851433717
0b1101001101101 13 19 6765
0b11010110000010011110100110000101111111001000010 47 68 117669030460994
0b1101011100011111100010 22 32 3524578
0b11011001110011010100101010110110101000101101011101000111 56 81 61305790721611591
0b1101101011100111110010101011111 31 45 1836311903
0b110111 6 9 55
0b11011101101000011001110000001001010100110001010110001110111000001 65 94 31940434634990099905
0b1101111011000001000100111001011000111001 40 58 956722026041
0b110111111110001 15 22 28657
0b1110001010101011101011110010100001001111101100000 49 71 498454011879264
0b111000111101000110110000 24 35 14930352
0b1110011010100111111010110110110011001001111111000010011001 58 84 259695496911122585
0b111001111101001100010111100100001 33 48 7778742049
0b11101001 8 12 233
0b1110101010110110000101111011101100011111010100110010100011011000001 67 97 135301852344706746049
0b111010111110011010000110011011101111011001 42 61 4052739537881
0b11101101000110001 17 25 121393
0b111100000000110001001101110000001010111101111000010 51 74 2111485077978050
0b11110001010000111010100010 26 38 63245986
0b111101000100010011000000000110000011010000101001100110101011 60 87 1100087778366101931
0b11110101100000011001010000111100011 35 51 32951280099
0b1111011011 10 15 987
0b111110001001000000110001011110111011010010000100100000011100011000101 69 100 573147844013817084101
0b11111001110100101001011110101000010110011101 44 64 17167680177565
0b1111101100010110101 19 28 514229
0b11111110001101110000100010110011001101000111001101000 53 77 8944394323791464
0b1111111110000000110000111000 28 41 267914296
